16 0.1079341065229055 0.5861744046785449 0.1961161528020412 0.6067238093570898
12 0.7137326948200077 0.42376114676158655 0.3329142591553108 0.5434981980426343
12 0.4002356460938012 0.23503226471990663 0.48397572903342584 0.2625583753978152
8 0.3292039273968125 0.43724819804263443 0.4459077885594054 0.3800362293920882
8 0.3439311155085802 0.4788089893777707 0.43850451632688686 0.39166407272436105
8 0.5389931335647475 0.5857237027370876 0.2408482994439966 0.6353578866963623
14 0.38571439925866213 0.844768154678545 0.3734127404661711 0.31046369064291
14 0.389662766959859 0.5137021573838159 0.4264063096107976 0.44775044072245185
14 0.4612798505324557 0.6636936140594972 0.39645591478294084 0.46223965471831574
6 0.5528596822061359 0.446098128739633 0.3172768462712865 0.45350899737427086
10 0.41375752058805604 0.5998851053866794 0.31198914554564716 0.4362669533736344