14 0.5015625 0.6953125 0.4234375 0.33828125
14 0.49296875 0.36953125 0.35546875 0.54296875
14 0.35 0.4609375 0.496875 0.20546875
14 0.29296875 0.35625 0.49375 0.0578125
12 0.72109375 0.5515625 0.37578125 0.4671875
12 0.421875 0.67734375 0.43125 0.3625
8 0.540625 0.11796875 0.51484375 0.11953125
8 0.421875 0.184375 0.49609375 0.165625
8 0.2609375 0.44296875 0.178125 0.64375
6 0.1453125 0.57578125 0.290625 0.4078125
10 0.54765625 0.6328125 0.37734375 0.3171875
16 0.62578125 0.41015625 0.4421875 0.40078125