10 0.277592649252459 0.5312513641069946 0.19214979420950495 0.5426225346004111
8 0.8497232767966503 0.46800999300555574 0.0811447744218011 0.6558162598858319
8 0.5680351062861495 0.232085716350991 0.5000220906823174 0.2885504358164558
8 0.6692678149017197 0.4158611970736191 0.3927872020568497 0.4588072445999737
12 0.5268667944366475 0.08892330676917044 0.49101782564431196 0.10186351931455295
12 0.32165250847928467 0.4308083537268712 0.2583347161903437 0.6154817144481868
16 0.4848429845077094 0.6465076550960153 0.3359340937345351 0.5788849812541008
6 0.6002843622790432 0.17518445893661722 0.4647286425821967 0.1654975963868595
14 0.17433709520487312 0.3835725508748525 0.08628265377501476 0.6646010108744149
14 0.661060246493497 0.5281529500393687 0.3489353827441157 0.5443335677179473
14 0.5081255970138955 0.4185126476816414 0.3646798914505428 0.5621259041817941
14 0.44766945386587187 0.47499741102751425 0.37063996438132135 0.5717237386684746