14 0.15859375 0.4 0.0578125 0.66640625
14 0.634375 0.55546875 0.321875 0.53828125
14 0.484375 0.43984375 0.33515625 0.5453125
14 0.42265625 0.48984375 0.33828125 0.56015625
8 0.8234375 0.50078125 0.053125 0.66015625
8 0.55625 0.2546875 0.4875 0.26640625
8 0.64453125 0.434375 0.37265625 0.4515625
12 0.51796875 0.11171875 0.49140625 0.08203125
12 0.3 0.4359375 0.221875 0.615625
16 0.4515625 0.66328125 0.29765625 0.57265625
10 0.25859375 0.565625 0.11953125 0.5625
6 0.6078125 0.203125 0.40859375 0.14140625