2 0.26042337383115444 0.23637234848423344 0.042364762002052546 0.03267970318850324
2 0.3413324853656688 0.2992242305509806 0.030836909542724555 0.06487804952503015
2 0.7284501694034777 0.519573188600724 0.034734069183645036 0.06352026741285463
2 0.540636552015231 0.5636529799851536 0.034720433645025396 0.06117651741285446
2 0.37309907319066565 0.6150473043862702 0.05328862646343309 0.03090916327441153
2 0.1047728166495621 0.25947457654882317 0.043114195745273864 0.027251896766068207
2 0.15688424161218473 0.4364774898232347 0.038544870413308896 0.04731873530067894
2 0.16215754889197295 0.4703578448661888 0.042442030054229286 0.04596095318850324
2 0.30052970248276917 0.46197985809517184 0.04251929810640611 0.05924220318850324
4 0.6936035124930319 0.3301897840327396 0.06452156313352067 0.08226362336031982
4 0.4804484857584523 0.5659690745126582 0.04975962636523725 0.09554819538658724
4 0.33182060909862743 0.4565863511977669 0.06988122882456534 0.06380022840327407
4 0.278659247662309 0.46005218792335534 0.06442611436318471 0.06585737336031983
4 0.153237587726801 0.2573255783578454 0.05515565349260028 0.08333480042954129
3 0.5178091478352596 0.1889052855030776 0.10829428903121965 0.08846271370395287
3 0.40359211173090603 0.2094900231786057 0.0477249485739442 0.1485503646538925
3 0.5451609464326449 0.45760769787297806 0.11369031615858276 0.07624931874690706
3 0.4365626512531051 0.45269779059146026 0.11515736738824689 0.059924955902036815
3 0.41387406411547933 0.5913951204196437 0.0890402949831481 0.13509537426483095