16 0.41700612053524466 0.6725141268139548 0.33412593226914566 0.5705842507914227
14 0.13882132406243228 0.39682483887551345 0.09898737166283915 0.66827027837153
14 0.6022619470840679 0.5714924990755632 0.3487306648562914 0.5366866239109609
14 0.46296815298610455 0.45242058715965383 0.37092989145054284 0.5583941393503672
14 0.397683989711693 0.5037270228947466 0.3682552708037566 0.5668969611371217
10 0.22874588195520543 0.5770555596460537 0.14605272218323756 0.5541910579967011
12 0.27555004014123435 0.44540239436493206 0.2548379019659925 0.620541135193732
12 0.5151159876755281 0.12922477955866415 0.49508784995457145 0.0994319794795219
8 0.8008123117379604 0.5303232444567096 0.08772232304232012 0.6617020296251711
8 0.5451642565587207 0.2725034181176085 0.5047505342598821 0.2838069794795219
8 0.6259218543655857 0.46342158630172403 0.3787689676606817 0.44005331630997124
6 0.6041984198331323 0.22101512595602504 0.4324107875392425 0.1537724870013692