14 0.168648735751042 0.4030748388755135 0.0592607776385075 0.667679244985435
12 0.5230037017473612 0.1307645475053528 0.4822507619678472 0.09054271278647441
6 0.6117408530578821 0.22000655542291164 0.41348388459302116 0.15490307798845376
8 0.8287887615865976 0.5222152277636622 0.08088120450024369 0.6573782424781527
10 0.27759059070878517 0.5553624160725444 0.18790984165871577 0.5262084619950518
12 0.3010443148732295 0.4561125738318187 0.24764982399128516 0.6107031339400908
16 0.461440873478195 0.6723550024407754 0.33269631800736155 0.5749224098043383
14 0.4393444018792018 0.4944884152146146 0.360457642095556 0.5601157637235465
8 0.6384170283040975 0.4604640708623178 0.39474041669684057 0.4900676881758681
14 0.5060591231938545 0.47613087179938984 0.2869292231176047 0.5540727007122804
14 0.6339678772779171 0.5711969823825157 0.3404717972057991 0.540016212390763