14 0.5177460780753478 0.7040673060030591 0.4313110834905906 0.34567237905554205
14 0.5015696853142017 0.37813605153883223 0.36810648793524353 0.5491734801112024
14 0.36072843939826427 0.4670467727248761 0.5016573382402433 0.21414173538620815
14 0.30126056078916696 0.36136378855318874 0.49509560087368054 0.0664309383083074
12 0.7339315096867367 0.5641492382255819 0.3866551597629865 0.4737467861175567
12 0.4376403507767714 0.6847076055165917 0.4396872811538891 0.37002749675029384
8 0.5433707531341321 0.12740539447681762 0.5176258707253126 0.12851788108413703
8 0.4261663757593057 0.1917388555165918 0.499948714665139 0.17428434861673292
8 0.27124771209968784 0.44752343100470676 0.19310844756638942 0.6468591834403388
6 0.15871395735003518 0.5783176891223816 0.30011694129812533 0.4128853782447631
10 0.5623851244281255 0.6423718754020941 0.38472637100965307 0.3237740596565072
16 0.6353277426848962 0.42107930234961116 0.45151578713781293 0.40849966152294626