14 0.4813309725529069 0.6719518511190199 0.4332804790838104 0.35800316852568737
14 0.4822164887837359 0.346570861458102 0.37126752705138166 0.5595249731165826
14 0.33658808854630906 0.44463598800828785 0.5028535300208825 0.22861107505966274
14 0.2826029336900287 0.34260476116765176 0.4954321719450392 0.08080927584545092
12 0.7050449203621936 0.5179770188206468 0.3893750178801817 0.4846897930089586
12 0.4021663097790677 0.6576946060814185 0.44179767273646214 0.38258579156121647
8 0.5371924599499875 0.09278873594137335 0.5183217541566352 0.14351048304138
8 0.4165102354185236 0.16472585608141851 0.5009129453020043 0.18873093775610972
8 0.2480484257724699 0.4308153906133218 0.19685621192854458 0.6520463052100677
6 0.13990227131190094 0.5690132115391553 0.2798045426238019 0.4213485769216895
10 0.5292432868178142 0.6073050002093969 0.38657296364440424 0.33476256761606465
16 0.6138469220115462 0.3810100198541041 0.4538490433487176 0.4213764638109576