3 0.6629646500747548 0.3561282040897232 0.09736133421075958 0.08472099267981754
3 0.6334231167008758 0.515148668085587 0.07576813534222779 0.13290395401018137
3 0.24136236084714327 0.398094244032453 0.0321090389330239 0.14801987667090888
3 0.2709822040348933 0.5210868487030438 0.09657099385167989 0.08314940201304477
3 0.37483391188041554 0.5129209073838158 0.09817894564707803 0.09098008334659013
4 0.4771857104778009 0.24694246606458795 0.05597326492891881 0.08736418734086326
4 0.4288578156676035 0.39949475405790646 0.0684232679539809 0.07891588800922689
4 0.418833375874258 0.4220328253898611 0.07915168969514959 0.043105657344045055
4 0.4729401346548567 0.5914009907304061 0.06681986133812252 0.07186645667568144
4 0.32418901726660987 0.5357675140435889 0.058998270979043 0.07021305000795408
2 0.34693058391617193 0.2821430747135433 0.04717043667008758 0.05132669000636332
2 0.583008984481906 0.30910720607890546 0.024568728824565334 0.060438060669954385
2 0.5652629482793566 0.3471793707431329 0.022234069183645032 0.06197328866963625
2 0.5407992794650541 0.4390759694064057 0.046366460772388506 0.04741134933959064
2 0.5245157493126289 0.45997881540417856 0.03236759328594587 0.05818521733768165
2 0.17205434552544102 0.569932334022908 0.021470999901804167 0.06508919800286357
2 0.45830546291368784 0.6271657680617244 0.051031234874689524 0.043559643340227085
2 0.483845818398078 0.5860595100652242 0.051026689695149584 0.04277839334022708