3 0.6812316733528223 0.31765384119422235 0.10174378149944392 0.08810577564056317
3 0.660045460043351 0.47844794603278656 0.08268994461127122 0.1355244311410811
3 0.2620868312029778 0.3841779851128038 0.039849997227989764 0.1491117421421171
3 0.29813699424421797 0.5054879048813454 0.1008715262377721 0.08650688833701033
3 0.40149721267418687 0.49127339350880594 0.10288905254613123 0.09439216294411601
4 0.4898415629283007 0.2192463821362664 0.06051954202278757 0.08930224855225796
4 0.4495413285721419 0.37466378226010094 0.07251901308359247 0.08129069540910479
4 0.4407046548663837 0.39779306720628893 0.0813633920651398 0.045862617658845826
4 0.5036582231269434 0.5640687305646899 0.07054698940606911 0.07418667080199892
4 0.3520810415992646 0.5170760682397463 0.06264348414439729 0.07226029776646961
2 0.36151143657758916 0.2620418118296055 0.04983267100433508 0.05296448821317572
2 0.5988595181335028 0.27527159615662106 0.02772245257436623 0.06128425641014079
2 0.5831203970444632 0.3143897541383384 0.02546970783603797 0.06273759449948209
2 0.5634897074831022 0.40774164785203215 0.048823907850155376 0.0490218509096227
2 0.5483120285156722 0.4295995312266436 0.035398444681858446 0.05930437944567011
2 0.20183041261771714 0.5601090924325673 0.024870468359381715 0.06582620719592906
2 0.49090759414539586 0.6006975893321955 0.05328389469597585 0.045333924730940466
2 0.5142772047110918 0.5580905583149489 0.053238392065139806 0.04455267473094047