6 0.35904751843468546 0.7454154764868741 0.3369965800292176 0.390162954329481
8 0.2776090346767543 0.6841830606976338 0.4649727578893663 0.2971765444921687
8 0.3351710858500314 0.33313819028432484 0.18611615942546322 0.65485619252382
8 0.4280232739617992 0.2925398459475259 0.06504720207640169 0.5850796918950518
14 0.14154327327660637 0.29213698214421496 0.28308654655321275 0.42431978571157003
14 0.19106144338442727 0.47847848224241085 0.2705432339275672 0.5897357074527388
14 0.350612547375444 0.383038196334449 0.16762905425332003 0.6399079033944044
14 0.7013665155242786 0.3817786607210749 0.17041176995508386 0.4735516503693423
10 0.6341294302224013 0.2515341871610669 0.20986613955519734 0.5030683743221338
16 0.4782365834877787 0.174449512394836 0.06540183302444262 0.348899024789672
12 0.5330951759612321 0.4585234887835144 0.13479919608595203 0.6615874606741926
12 0.636949351459128 0.39230761544333925 0.27170642984388316 0.6006777526322786