2 0.26171875 0.22874782152274326 0.0421875 0.03145067496187508
2 0.34296875 0.28923268626413223 0.03046875 0.06399041802802082
2 0.73125 0.4982700326725006 0.034375 0.06251883700597212
2 0.54375 0.5478121717308337 0.034375 0.060175087005972294
2 0.3765625 0.6040770894745142 0.053125 0.029361498100139015
2 0.10625 0.25637924620027785 0.04296875 0.026000108757465324
2 0.159375 0.43183449430041676 0.03828125 0.0462035059839236
2 0.16484375 0.46555553086954876 0.0421875 0.04473192496187508
2 0.303125 0.453149062689028 0.0421875 0.05801317496187508
4 0.6953125 0.30993357807534777 0.0640625 0.08039732123840278
4 0.48359375 0.5518807694703823 0.04921875 0.09411432912218753
4 0.334375 0.4468451645126391 0.06953125 0.06177460780753492
4 0.28125 0.4518586664125003 0.0640625 0.06399107123840295
4 0.1546875 0.2528191415268751 0.0546875 0.0817416156913195
3 0.51875 0.17379279027194489 0.1078125 0.08532186379145842
3 0.4046875 0.1977004561157642 0.046875 0.14718477773541672
3 0.54765625 0.44165309070878517 0.11328125 0.07294915036059031
3 0.4390625 0.43990679312173653 0.11484375 0.05657926795177097
3 0.4171875 0.5792413968452087 0.08828125 0.13252351890170147