10 0.2586690312462928 0.52689091076334 0.17341732385996664 0.5454930524755441
8 0.8321923060030592 0.4536027270989355 0.058288976050717166 0.6566364078501555
8 0.5591330868489054 0.22238063210649356 0.4906285486994584 0.29705263637994506
8 0.6538121615229462 0.4045568242986904 0.3772769350618965 0.4652727443853923
12 0.5230165344959989 0.07980599523243834 0.4881506107948928 0.110379389010781
12 0.3061695482924214 0.42558674502067684 0.23714463311273198 0.6194457629424182
16 0.46160489082336964 0.6386342346385075 0.3161366578694983 0.5842432812876824
6 0.5933211262161684 0.164864263718877 0.45959496266133204 0.17349403903901583
14 0.16071099796810984 0.38087973172532286 0.06312648051494411 0.6655031736351711
14 0.6416997195578956 0.517094621653737 0.3303667532431156 0.549951581273565
14 0.49280647767557034 0.4100241162508908 0.3455105121715693 0.5680036312594474
14 0.4304661647693571 0.4676160793486008 0.35114290340527143 0.5776971496752991