3 0.6609375 0.3484375 0.096875 0.08359375
3 0.63046875 0.5078125 0.075 0.13203125
3 0.2390625 0.3953125 0.03125 0.14765625
3 0.26796875 0.51796875 0.09609375 0.08203125
3 0.371875 0.50859375 0.09765625 0.08984375
4 0.47578125 0.24140625 0.05546875 0.08671875
4 0.4265625 0.39453125 0.06796875 0.078125
4 0.41640625 0.4171875 0.07890625 0.0421875
4 0.46953125 0.5859375 0.06640625 0.07109375
4 0.32109375 0.53203125 0.05859375 0.06953125
2 0.3453125 0.278125 0.046875 0.05078125
2 0.58125 0.30234375 0.02421875 0.06015625
2 0.56328125 0.340625 0.021875 0.06171875
2 0.53828125 0.4328125 0.04609375 0.046875
2 0.521875 0.45390625 0.03203125 0.0578125
2 0.16875 0.56796875 0.02109375 0.06484375
2 0.4546875 0.621875 0.05078125 0.04296875
2 0.48046875 0.58046875 0.05078125 0.0421875