16 0.48227338419867183 0.6409752380998208 0.3308499712545558 0.5741338142579064
14 0.17764142638357022 0.3856934663881721 0.09510086993064819 0.6690165968439701
14 0.6570122109154736 0.5274035335374658 0.34565517989822697 0.5404273177179475
14 0.506350777293193 0.4184808141835442 0.36773138709415604 0.5623805721665718
14 0.44632511393479213 0.47415249403131987 0.3650066474332382 0.5708469881741829
10 0.285120094290085 0.5589943621298282 0.14284054900481474 0.5555562747145792
12 0.3187780026860872 0.42455835372687123 0.2512566705926019 0.6231350469577007
12 0.5264062963187276 0.09282955676917044 0.4945912160872693 0.10514768680503894
8 0.850922722702298 0.4725383255150697 0.08387227150222501 0.6623209278706094
8 0.5705287855653606 0.23348904886050503 0.5031786197257604 0.289522686805039
8 0.6699231257216164 0.41807761308123037 0.3762630169541108 0.4442035751323212
6 0.6243044489237615 0.17807203699750693 0.43158610194308 0.1587236729648745