14 0.17955686171321647 0.40369131050482654 0.09273737166283916 0.6677518508736806
14 0.6634858836486268 0.5702339920193061 0.3500851249421995 0.5457729737831947
14 0.5074262341690252 0.45111770326597267 0.3637348671402833 0.5531133483082294
14 0.44832787313317723 0.4996811834143406 0.36763779511401606 0.5680298334905907
8 0.8496823332190855 0.5199469705521536 0.08772232304232012 0.661392748100139
8 0.5695976062861495 0.2676343624602783 0.5014617599496226 0.2777529384483338
8 0.667295879126071 0.44937663136197975 0.3963216378324983 0.46023617049656274
12 0.5238236815917773 0.1237746064763546 0.4957053256443119 0.0934688574262851
12 0.32284651628120076 0.44292007750666695 0.2541385391211223 0.6207891979476392
16 0.48632359735257963 0.6737914838511809 0.3276678923550541 0.5795842761198962
10 0.2882369001569701 0.5716438363403821 0.14901062584671063 0.5652821207253126
6 0.6184578301668677 0.2172719929692366 0.4160045375392425 0.1509163750937156