14 0.15859375 0.39261337737875546 0.0578125 0.6690989104629167
14 0.634375 0.5259222595150219 0.321875 0.5532728190638065
14 0.484375 0.41728362179718415 0.33515625 0.5609226532242065
14 0.42265625 0.47015821877786557 0.33828125 0.5759119524384181
8 0.8234375 0.4624290320552132 0.053125 0.6626305866415991
8 0.55625 0.22877973987031477 0.4875 0.28911192741702746
8 0.64453125 0.4043554745688338 0.37265625 0.46891924379474703
12 0.51796875 0.08759396774440828 0.49140625 0.10491886393479215
12 0.3 0.4219647754356754 0.221875 0.6259589942090317
16 0.4515625 0.6422493885464073 0.29765625 0.5865198126536658
10 0.25859375 0.5535808025239806 0.11953125 0.5680672574435981
6 0.6078125 0.17481567783582147 0.40859375 0.16043680975818173