3 0.41171875 0.6021884224865854 0.10390625 0.09712619034019773
3 0.609375 0.4956133198093674 0.1109375 0.028498921265474132
3 0.29765625 0.49558564082996026 0.0234375 0.14806535308425522
3 0.37578125 0.3106282138824432 0.11953125 0.05599267572970099
3 0.1859375 0.5233169488649095 0.0609375 0.13231366801906325
4 0.5453125 0.30766903490633135 0.06875 0.045731285713814976
4 0.5609375 0.39411504951682796 0.07734375 0.021662540178041832
4 0.446875 0.4570435178602027 0.08125 0.03423072402541756
4 0.5125 0.4996480292242885 0.0671875 0.06289151217486459
4 0.36484375 0.2569128786550956 0.05625 0.07129434740221222
2 0.271875 0.2999419042226409 0.02265625 0.06133296631478
2 0.40546875 0.6976100166423868 0.05234375 0.03685116355483622
2 0.5609375 0.2503650495168279 0.03828125 0.05691820170428326
2 0.6140625 0.4142814991925164 0.0515625 0.024337526785361163
2 0.3984375 0.2532014975676633 0.02890625 0.05675456047058134
2 0.35625 0.2859691331193225 0.0375 0.0451858149348082
2 0.2359375 0.5732254456184986 0.05 0.021185253246410872
2 0.19296875 0.5208504679396331 0.02890625 0.05441081047058134