16 0.10111966289711856 0.5871928351061112 0.18907425778687553 0.6087606702122225
12 0.7088925292540281 0.43189949705329916 0.3266275027528824 0.5471536358272919
12 0.3975517196991321 0.23959701538631978 0.4809824687492016 0.2680869977188893
8 0.3241545065526045 0.4409036358272919 0.44154072188333354 0.3850738227570142
8 0.3383994977188893 0.4826190103523267 0.4340009788171878 0.3966107348011114
8 0.5322423763279867 0.5917615402719448 0.23347887442812548 0.637903962765278
14 0.3758884992375007 0.8457865851061112 0.3697735182361114 0.30842682978777775
14 0.3837308347248615 0.5180304867009726 0.4212477120996879 0.4525334264804865
14 0.4536101896826047 0.6687948593261461 0.39112445421590325 0.4666680084524657
6 0.5477374769173268 0.4523542013661116 0.3120363662600004 0.4570189450978475
10 0.4068248022397922 0.60445894918191 0.3069488227570144 0.4397223423243057