2 0.26171875 0.22265625 0.0421875 0.03046875
2 0.34296875 0.28125 0.03046875 0.06328125
2 0.73125 0.48125 0.034375 0.06171875
2 0.54375 0.53515625 0.034375 0.059375
2 0.3765625 0.5953125 0.053125 0.028125
2 0.10625 0.25390625 0.04296875 0.025
2 0.159375 0.428125 0.03828125 0.0453125
2 0.16484375 0.46171875 0.0421875 0.04375
2 0.303125 0.44609375 0.0421875 0.05703125
4 0.6953125 0.29375 0.0640625 0.07890625
4 0.48359375 0.540625 0.04921875 0.09296875
4 0.334375 0.4390625 0.06953125 0.06015625
4 0.28125 0.4453125 0.0640625 0.0625
4 0.1546875 0.24921875 0.0546875 0.08046875
3 0.51875 0.16171875 0.1078125 0.0828125
3 0.4046875 0.18828125 0.046875 0.14609375
3 0.54765625 0.42890625 0.11328125 0.0703125
3 0.4390625 0.4296875 0.11484375 0.05390625
3 0.4171875 0.56953125 0.08828125 0.13046875