3 0.41171875 0.609375 0.10390625 0.0953125
3 0.609375 0.50625 0.1109375 0.0265625
3 0.29765625 0.50078125 0.0234375 0.14765625
3 0.37578125 0.3171875 0.11953125 0.05390625
3 0.1859375 0.5265625 0.0609375 0.13125
4 0.5453125 0.3171875 0.06875 0.04453125
4 0.5609375 0.40390625 0.07734375 0.0203125
4 0.446875 0.46484375 0.08125 0.0328125
4 0.5125 0.50859375 0.0671875 0.06171875
4 0.36484375 0.26328125 0.05625 0.0703125
2 0.271875 0.3046875 0.02265625 0.0609375
2 0.40546875 0.7046875 0.05234375 0.0359375
2 0.5609375 0.26015625 0.03828125 0.05625
2 0.6140625 0.425 0.0515625 0.0234375
2 0.3984375 0.26015625 0.02890625 0.05625
2 0.35625 0.2921875 0.0375 0.04453125
2 0.2359375 0.57734375 0.05 0.0203125
2 0.19296875 0.52421875 0.02890625 0.05390625