3 0.41526399004105097 0.609375 0.10446076190385653 0.0953125
3 0.6123202763417961 0.50625 0.11109203610435366 0.0265625
3 0.3005697100850175 0.50078125 0.024296538933023904 0.14765625
3 0.3776265928931624 0.3171875 0.1198448673882468 0.05390625
3 0.1890009510098312 0.5265625 0.0617010901626879 0.13125
4 0.5471578428931624 0.3171875 0.06900907523376923 0.04453125
4 0.5632873578220812 0.40390625 0.07746192466803503 0.0203125
4 0.4495793818261863 0.46484375 0.08144089754067192 0.0328125
4 0.5154589118804156 0.50859375 0.06754656918364485 0.06171875
4 0.36637547550491556 0.26328125 0.05665906615858276 0.0703125
2 0.27364762002052545 0.3046875 0.023010774004105096 0.0609375
2 0.4095685019449077 0.7046875 0.05255282825883114 0.0359375
2 0.5624510447867564 0.26015625 0.03860850292686635 0.05625
2 0.6165350776696561 0.425 0.05169885538619425 0.0234375
2 0.39995104478675636 0.26015625 0.029233502926866262 0.05625
2 0.3579498971478885 0.2921875 0.03775907523376905 0.04453125
2 0.23929638767991873 0.57734375 0.05011817466803503 0.0203125
2 0.19601856547121174 0.52421875 0.0292198673882468 0.05390625