6 0.3721058616122623 0.7342062973754441 0.3302149744291595 0.399575936382487
8 0.2895894164008007 0.6754067054501448 0.4598285620921391 0.310409287378279
8 0.3410248258951521 0.32642359326466863 0.17469522605071736 0.6528471865293373
8 0.4331538246773361 0.28648620712720485 0.05478610064532781 0.5729724142544097
14 0.14225622879492236 0.2879761712367267 0.2845124575898447 0.4326414075265467
14 0.19943952354224564 0.47243052758999615 0.260268487414803 0.5970114423729369
14 0.3573395726487412 0.3724429073569106 0.15646737743068898 0.6441369243167696
14 0.708107185879266 0.3609746061836335 0.16215649553247785 0.4780307746795893
10 0.6385504366900449 0.24357635209210024 0.20102412661991026 0.4871527041842005
16 0.4813067268680868 0.16778766760852962 0.0592615462638264 0.33557533521705923
12 0.5411594192401745 0.4425396086307042 0.12325545697599374 0.6648388047166561
12 0.6438674078760889 0.3733679679791985 0.2612406521874554 0.6079762242241024