10 0.18634128674627307 0.7671188014260558 0.3149045414959714 0.4649720567888089
12 0.31982549411864786 0.7046046450065891 0.24328957032878673 0.588736288834828
12 0.5708812245580868 0.39558517508536745 0.12038209407321929 0.7911703501707349
12 0.8783573733603198 0.4941417844540335 0.24328525327936035 0.7436146863755001
12 0.9188810936787644 0.6142588417338217 0.16223781264247136 0.276090843089554
12 0.9585646612103613 0.7507548779363711 0.08287067757927744 0.4420516654946528
15 0.45842881218818626 0.36697685909862743 0.1373770850281078 0.5498505299560335
6 0.2806623383074681 0.4195892955723233 0.2705082468321812 0.780242532784704
6 0.6875319725219218 0.7720178413410382 0.08283566994467399 0.4480016836450254
8 0.8125275712332979 0.6071781156397309 0.25417948269868695 0.6176970809893056
8 0.6346382666198851 0.6574468021134268 0.19820944368910637 0.65251698770336