15 0.56511168946253 0.6307069184111379 0.38031252649368774 0.20991572485707444
6 0.0650397344757214 0.3877381021769183 0.0634028234057957 0.3408631021769182
12 0.09615830362034786 0.5191344351165428 0.1365204419096008 0.7811632091631597
12 0.12724710171358208 0.5826438636096636 0.09386171595621788 0.8108854254978958
12 0.20416426577873265 0.5954737350238756 0.1187972285700896 0.7875669765863551
12 0.35628727176918246 0.5274380415546303 0.1100943511654279 0.7841418762235355
4 0.2973661395551973 0.5160169027172232 0.10036963238362118 0.6620759032653772
4 0.38720743347208025 0.6909672842982362 0.0829266720393349 0.6180654314035277
8 0.9110045428205747 0.6146950603285879 0.10522082349061393 0.66692709437237
8 0.9935584461381726 0.8022390283713999 0.012883107723654775 0.3955219432572001
10 0.7874281443645208 0.5393726233979466 0.2447768860118181 0.7529514183263197