15 0.42375913110360397 0.37748277164110533 0.12616797571859822 0.5266654515702104
6 0.24415654763836683 0.4230811134861197 0.24656435840504773 0.7744928493003549
10 0.1389358303810143 0.7728515625 0.2778716607620286 0.454296875
12 0.2621263314866801 0.7134834899708702 0.232446719450392 0.5730330200582596
12 0.5375572066512823 0.41676188347787235 0.09943094563120862 0.7881652412245114
8 0.5815499328986059 0.6770555596460538 0.1859187119285446 0.6458888807078924
6 0.7230985868969564 0.6238937365391508 0.2151492223533859 0.7142540312745238
8 0.7482062354850306 0.6616809408976332 0.271012777447093 0.6766381182047336
12 0.8644486640939875 0.5224485599752582 0.2518141480593489 0.7402997057268454
12 0.9189469813283957 0.7948748601209074 0.12928095236163345 0.41025027975818523
12 0.8826865355641729 0.6480850574679756 0.20272314937949715 0.2603705133278352