15 0.5722412586819432 0.5895626353243518 0.3826071004953381 0.21209141209045973
6 0.06953782795514678 0.3838364891255851 0.06735458974197103 0.341163510874415
12 0.10217700764848588 0.5132229001902805 0.14558036703516403 0.7818004397336074
12 0.13399424193272017 0.5745450607606842 0.10328585917728121 0.8112677638401644
12 0.21102977687890823 0.581581627947159 0.12793910276714043 0.7880995192773719
12 0.3622968703449329 0.5018410953239143 0.11919980355292878 0.7846243507983027
4 0.30326647270229784 0.4948536076812039 0.10805463419867181 0.6625265163116223
4 0.3951929152159185 0.670353673384804 0.09026566666366058 0.6321705128515813
8 0.9178063157540379 0.5473035621691968 0.11296045801998958 0.6674050173002055
8 0.9968842126227072 0.7450778758956306 0.006231574754585622 0.43024325692008214
10 0.7934013211307211 0.4811440043742622 0.2534634875894941 0.7542258794672149