15 0.4191265657585469 0.37870059193823524 0.13135723945152086 0.5433918557412186
10 0.1351026302742396 0.76953125 0.2702052605484792 0.4609375
12 0.25535074028459953 0.7106761855321289 0.2460404776646965 0.5786476289357422
6 0.23760042990273605 0.42766072087397744 0.2630396947854231 0.7756697979462839
6 0.6661598076957762 0.7395266921000829 0.15281486248705 0.520946615799834
12 0.5334951267595829 0.42719378315471734 0.11364116232043439 0.7992134328135251
8 0.5715237038906694 0.6793107629937447 0.19817021194893075 0.6413784740125106
8 0.7652608953708327 0.6104041670705564 0.22058455934389692 0.5673015410262018
12 0.8479150376367844 0.5331506003783733 0.28880167410725865 0.7595646368815887
12 0.9081803337506242 0.8058085729173043 0.1300408343652876 0.3883828541653912
12 0.8691457206398925 0.6655147728117751 0.21513281017246655 0.26608920950527093