15 0.4485417152384277 0.35079094206062467 0.12507447730414523 0.5415354962002779
10 0.17452887339794648 0.7660945126334374 0.3114087921876024 0.4678109747331252
12 0.3129713253047123 0.7003214294271872 0.2392113883740709 0.591028962765278
6 0.27159975852233853 0.4112050312507984 0.2541072459932848 0.7716977345167709
6 0.725372121583848 0.7102698191511105 0.1464410458157996 0.5498389586812154
12 0.5664757489036917 0.3953847187507984 0.10436270633757108 0.7907694375015968
8 0.6254514779371174 0.6476990435998953 0.19061268646730517 0.65234701605191
8 0.8123760698624167 0.5596866312714577 0.2140650554344461 0.5639027651019793
12 0.8742187582792773 0.47738131791683963 0.2515624834414453 0.7551284835668405
12 0.9545777916916688 0.7584845411313534 0.09084441661666247 0.41273834897381967
12 0.907167692372937 0.6079948850711798 0.18566461525412592 0.2625402868534724