15 0.4556247286003767 0.35726170617180547 0.14142426266006947 0.5253739212654741
6 0.28045739960471183 0.4111521396121442 0.2689478361117138 0.7718825028393738
10 0.19187710189672935 0.770092537338668 0.32018702851567216 0.4590336753226639
12 0.32421989406069135 0.7060009894499885 0.24929694681858408 0.5818887483751467
12 0.5725615996188292 0.3924157763816194 0.12233814662093997 0.7848315527632388
8 0.6392764756871921 0.6504508242735942 0.20468166780880176 0.6466682686676866
6 0.7757075283744979 0.5894160925375388 0.23580213616818355 0.7119893055993174
8 0.8051821967479971 0.638952442375383 0.2912785914439727 0.6996899030015296
12 0.8856240315170908 0.4815336343404337 0.22875193696581847 0.7376165969951751
12 0.9578326997317689 0.7554426927824203 0.08433460053646229 0.4176705154212755
12 0.9159640826595702 0.6061518047951291 0.16807183468085968 0.25809669236879246