10 0.13790034770088236 0.7681822561517764 0.2758006954017647 0.46363548769644713
12 0.26226272380654814 0.710361765301481 0.2295945040901281 0.579276469397038
12 0.5384066528112162 0.4240541617012618 0.10193382000438796 0.7950813676588459
12 0.8581304679340533 0.5398633680686213 0.26690795064577344 0.7536131133156196
12 0.888223481724107 0.6617405221213973 0.19550168276559177 0.2837329528527029
12 0.9225266223946225 0.7884778132216164 0.12378111012090756 0.42304437355676716
15 0.4283102387837359 0.38998091459674594 0.12457438347787235 0.5542765851938571
6 0.2463411732651874 0.4331379474760194 0.25235135715140655 0.789604117244561
6 0.6243020710618389 0.7903495474034068 0.07240046654739807 0.4193009051931863
8 0.7626695522572204 0.6480696662493758 0.23981059006264757 0.6267402442090318
8 0.5807686828986058 0.6796405161277959 0.183021032461658 0.6407189677444084