8 0.23661737965593704 0.5356056192067011 0.176536583774931 0.5397560970739583
6 0.8117635032310412 0.4823967794478465 0.062094836909063034 0.6549972777354167
6 0.5487595826375692 0.24177700513090228 0.4921927256830557 0.2800603208571532
6 0.6358017216959024 0.42714950104683974 0.37985964589527815 0.4523509353142018
10 0.5185298348217707 0.09802765834128428 0.48862804853697916 0.09335975465274346
10 0.28812728790031217 0.43602254008451363 0.24067312537805607 0.6115233007211808
14 0.43452558995267304 0.6543698837399996 0.3194332518029519 0.5735342978713891
4 0.5852068821244789 0.18548998432933977 0.46044980357097226 0.15751252042031288
12 0.14483253600045107 0.3862615422687152 0.06698235866055616 0.6637001305089584
12 0.6191389389264925 0.5391955593674648 0.33345873100138945 0.5387235399876046
12 0.4749551406738538 0.4269891129384371 0.34870252450437533 0.5562565321038196
12 0.41041920877812454 0.48236825038124964 0.35438948005145876 0.5657588186729517