12 0.150101264248958 0.4012194009729346 0.0592607776385075 0.6671699090906094
10 0.5176212982526388 0.12470708847046322 0.4822507619678474 0.08494911322722953
4 0.6023216469421179 0.2129395198822071 0.41348388459302077 0.15012805397446422
6 0.8055862384134024 0.5127015608710279 0.08088120450024369 0.6566142386359143
8 0.2520969092912148 0.5522791148520826 0.18790984165871566 0.5241620231319132
10 0.28020568512677047 0.45272912824476325 0.24764982399128516 0.6079836440730759
14 0.430746626521805 0.667161595370322 0.33269631800736155 0.5712024387153445
12 0.41690559812079825 0.48950419967239317 0.360457642095556 0.5560683624164506
6 0.6178329716959023 0.4531514626580367 0.3947404166968408 0.4856019038123085
12 0.4845658768061455 0.4703644618472578 0.2869292231176047 0.5508802560857846
12 0.6082196227220829 0.5639662317327601 0.3404717972057991 0.5361961931795713