8 0.25236855942108755 0.5443061727004984 0.16718049316430889 0.5378465400222716
6 0.8263555052645571 0.5111440627784494 0.05067931527482017 0.6544516900063633
6 0.5561692285299777 0.26114187340863293 0.4875010417616942 0.27440439473263334
6 0.6486663216195319 0.4497054814210414 0.37211291197861146 0.44804988538349766
10 0.5217346203151131 0.11621972473740583 0.4871959938516799 0.08769473539940606
10 0.3010146167990716 0.44644138470718 0.2300895593228917 0.6088862933640895
14 0.45386794778837736 0.6700799740610881 0.30954525516636144 0.5699697913749073
4 0.5910027707826513 0.2060822034134054 0.4578857437534841 0.1521930400620426
12 0.15617429459036464 0.39163461135422634 0.0554168122497579 0.6630999840069997
12 0.6352537822937245 0.5612605994191324 0.32418447208706985 0.534986264043589
12 0.48770609572183277 0.44392655406586057 0.3391282160369459 0.5523464867122707
12 0.42473846311007957 0.49709646005727004 0.34465150819142354 0.5617851213796797