14 0.08091389805691991 0.5805705693127339 0.16182779611383982 0.6138588613745322
10 0.6798607045098419 0.37898049807943607 0.3392061267550737 0.5563030681810801
10 0.3814532454518861 0.20991507406243232 0.48697142286891354 0.28192494515944455
6 0.2938675465281245 0.4171344318189199 0.4502784057054058 0.3976827419709412
6 0.30522026943981934 0.4578446410003171 0.44301171525869965 0.4089920561952926
6 0.4917506207637269 0.5525009644969223 0.24822371587787231 0.6442767017181652
12 0.316951712162837 0.8250797286304167 0.3770549214211715 0.33149781999010236
12 0.3481504780834905 0.4898858570791191 0.43156910111451063 0.46450507179912465
12 0.40760675310488115 0.6356244029861046 0.4017917098820162 0.47775202227409463
4 0.5170139480997011 0.4116745686353654 0.32252158684648685 0.46580422094004204
8 0.3652416246926683 0.5747178804848675 0.3170335661683225 0.44837105947465294