12 0.1399634505809005 0.3972317357965405 0.0888508699306482 0.6674153709411625
12 0.6085036271738676 0.5443956931861619 0.346945852147968 0.54389959902377
12 0.46388894809970116 0.4313889529253946 0.3605545878799443 0.5511626741048479
12 0.3998414106723137 0.48246625771393303 0.36437094664744984 0.5660609711827487
6 0.8001132384225726 0.4864080949731708 0.08387227150222465 0.6610835503243117
6 0.5443877390417453 0.24497812013367898 0.49990807051154873 0.27491559415250605
6 0.6242999092245716 0.42312466518298475 0.3936881114535929 0.4580672390396561
10 0.5127653655919312 0.10267757183796229 0.49522691687305737 0.09060877799988191
10 0.27969588461746575 0.43070098052153477 0.25054819519970783 0.6194978425309483
14 0.4206696792835635 0.6553991972433517 0.3243281435042967 0.5778518591700399
8 0.23224934222767962 0.5611112293037188 0.14573010855810864 0.564586425729701
4 0.5983518010762385 0.19251559334831775 0.41517985194308016 0.1485382804355139