12 0.5380022840327395 0.6748753942216004 0.4411660690855914 0.3555350059686802
12 0.5123350621881863 0.3494443127006695 0.3839245364075888 0.557452991634224
12 0.3741567107632768 0.4466760928524563 0.5076431608995624 0.2257148547898165
12 0.31163902136958344 0.3443124382135516 0.4967798247398008 0.07793127079742775
10 0.7499999157608024 0.5221801812562884 0.40026550938379585 0.48249941258475104
10 0.45737308174874747 0.6601536610275143 0.4502478199901024 0.3800720909496521
6 0.5468074802122962 0.09593996931674055 0.5211081173674261 0.140509525246052
6 0.4315376843053107 0.1671849110275143 0.5047737884437538 0.18583927129171926
6 0.28415250847928464 0.4323363616355366 0.2118625079134578 0.6510080375661607
4 0.17548791666531355 0.5698602193539216 0.3119975474888652 0.41965456129215684
8 0.5808205478275494 0.6104972178338658 0.3939668424913396 0.3325630795809456
14 0.6472766282215598 0.3846576180241462 0.4631915552907813 0.41879900992301283