14 0.47842997239403323 0.6777747619001792 0.3275757851318836 0.5741338142579064
12 0.17535541604479227 0.3986815336118279 0.09121647387690794 0.6690165968439701
12 0.6537881166528146 0.5788464664625341 0.3425813612156071 0.5404273177179475
12 0.5037960924325269 0.45808168581645575 0.3645346156642315 0.5623805721665717
12 0.4434607703031361 0.5086600059686801 0.3617597841433007 0.5708469881741829
8 0.2818003701128557 0.5800681378701718 0.139630116158523 0.5555562747145792
10 0.3162324254363324 0.4488791462731288 0.24767737950439592 0.6231350469577007
10 0.5257414407221905 0.13529544323082957 0.4940948512925944 0.10514768680503894
6 0.8479718567669827 0.5399616744849303 0.08002430589213035 0.6623209278706094
6 0.5690351373758802 0.279010951139495 0.5016075568435326 0.289522686805039
6 0.6673320104173044 0.4709848869187697 0.3737584239534577 0.4442035751323212
4 0.6231204595052708 0.22817796300249307 0.4307618631555924 0.1587236729648745