4 0.38515625 0.74765625 0.3234375 0.38828125
6 0.3015625 0.6859375 0.4546875 0.29453125
6 0.346875 0.33515625 0.16328125 0.65390625
6 0.43828125 0.29375 0.04453125 0.5875
12 0.14296875 0.29296875 0.2859375 0.42265625
12 0.2078125 0.4796875 0.25 0.58828125
12 0.3640625 0.38515625 0.1453125 0.6390625
12 0.71484375 0.3859375 0.15390625 0.47265625
8 0.64296875 0.253125 0.1921875 0.50625
14 0.484375 0.17578125 0.053125 0.3515625
10 0.54921875 0.46171875 0.11171875 0.6609375
10 0.65078125 0.39609375 0.25078125 0.59921875