14 0.1079341065229055 0.5841380953214551 0.1961161528020412 0.6067238093570898
10 0.7137326948200077 0.40748885323841344 0.3329142591553108 0.5434981980426343
10 0.4002356460938012 0.22590523528009335 0.48397572903342584 0.26255837539781524
6 0.3292039273968125 0.42993930195736557 0.4459077885594054 0.3800362293920882
6 0.34393111550858013 0.4711910106222293 0.43850451632688675 0.39166407272436105
6 0.5389931335647475 0.5736512972629123 0.2408482994439966 0.6353578866963623
12 0.38571439925866213 0.8396046559516386 0.3734127404661711 0.31671806938254327
12 0.389662766959859 0.5050478426161842 0.4264063096107976 0.44775044072245185
12 0.4612798505324557 0.6534938859405027 0.39645591478294084 0.46223965471831574
4 0.5528596822061359 0.433589371260367 0.3172768462712865 0.45350899737427086
8 0.41375752058805604 0.5907398946133207 0.31198914554564716 0.4362669533736344