12 0.168648735751042 0.39101449007520256 0.0592607776385075 0.668443938998964
10 0.5230037017473612 0.09139105583374948 0.4822507619678472 0.09894069168505115
4 0.6117408530578821 0.1740708151393744 0.41348388459302116 0.16207208436528758
6 0.8287887615865976 0.46037638048363655 0.08088120450024369 0.6585252834984459
8 0.27759059070878517 0.5353209540955571 0.18790984165871577 0.529280893299409
10 0.3010443148732295 0.4341201730783105 0.24764982399128516 0.6147860537623255
14 0.461440873478195 0.6385978496712778 0.33269631800736155 0.5805074071531479
12 0.4393444018792018 0.46209100765299504 0.360457642095556 0.5661923500810533
6 0.6384170283040975 0.41293210794344526 0.39474041669684057 0.4967724160444881
12 0.5060591231938545 0.4386491995474432 0.2869292231176047 0.558865693547078
12 0.6339678772779171 0.5241970936754217 0.3404717972057991 0.54575141749223