4 0.3895059868195971 0.7386916387739927 0.32569645423128507 0.3958093413743754
6 0.3055531676359522 0.6789185549021526 0.45640103268650795 0.3051142190335421
6 0.348824882022578 0.3279679881985502 0.16708556527482 0.6559359763971004
6 0.4399902375069681 0.2889085644240884 0.04794922501393621 0.5778171288481768
12 0.1446731923274283 0.289641115406979 0.28839644213103666 0.42931151918604193
12 0.21060324023744265 0.4748506103729859 0.25342252019347605 0.5941000645888892
12 0.36630327351312575 0.3766826012549303 0.14903045686356364 0.6424446859797918
12 0.7170890686926656 0.36929932703489526 0.1566560836215844 0.4762384577312849
8 0.644441388170898 0.24676067154340253 0.1951327763417961 0.49352134308680506
14 0.485397665396457 0.17045339789204844 0.05517033079291398 0.3409067957840969
10 0.5519049511080271 0.44893554170003425 0.11556397189067838 0.6635377827694098
10 0.653085656026683 0.38094664827329805 0.25426740270703335 0.6050557483844794