14 0.47842997239403323 0.6383431385464072 0.3275757851318836 0.5759097983856423
12 0.17535541604479227 0.3847644900752025 0.09121647387690794 0.6693900088913401
12 0.6537881166528146 0.5237240587292336 0.3425813612156071 0.5422989317602536
12 0.5037960924325269 0.4156483471900783 0.3645346156642315 0.5643751389561829
12 0.4434607703031361 0.47168433147431266 0.3617597841433007 0.5728233397419711
8 0.2818003701128557 0.5574870525239806 0.139630116158523 0.5562393455329392
10 0.3162324254363324 0.42281880004278116 0.24767737950439592 0.6244328815125847
10 0.5257414407221905 0.08979216853019654 0.4940948512925944 0.10800747663123922
6 0.8479718567669827 0.4677158455374485 0.08002430589213035 0.6626305866415991
6 0.5690351373758802 0.23023307795965597 0.5016075568435326 0.2923824766312392
6 0.6673320104173044 0.4142934007475162 0.3737584239534577 0.4462801104201354
4 0.6231204595052708 0.1744881921038451 0.4307618631555924 0.1612009431327932