4 0.4156209076790163 0.7454154764868741 0.33925874855430627 0.390162954329481
6 0.32951231132933784 0.6841830606976338 0.46668872878264284 0.2971765444921687
6 0.36053157068369696 0.33313819028432484 0.18992588790735282 0.65485619252382
6 0.45025064528454556 0.2925398459475259 0.06847004056909115 0.5850796918950518
12 0.1549063117864484 0.29213698214421496 0.30315942247058286 0.42431978571157003
12 0.22735826783167817 0.47847848224241085 0.2739706240671884 0.5897357074527388
12 0.3797564145619175 0.383038196334449 0.17135230144350616 0.6399079033944044
12 0.7305694980600147 0.3817786607210749 0.17316551634880337 0.4735516503693423
8 0.6532828033834914 0.2515341871610669 0.21281560676698277 0.5030683743221338
14 0.49153753707186904 0.174449512394836 0.06745007414373809 0.348899024789672
10 0.5680323473754427 0.4585234887835144 0.13864988939022743 0.6615874606741926
10 0.6669208335352783 0.39230761544333925 0.27519754304054905 0.6006777526322786