12 0.5136992248329013 0.6982305052645573 0.4293422211827487 0.3407447373105764
12 0.49941894196175535 0.3723992582896194 0.3649463047852432 0.545036806690613
12 0.3580456939903503 0.4629737404338344 0.5004614703719696 0.20835948418731842
12 0.2991871168806775 0.35795444232742835 0.4947591209411626 0.0606850534691592
10 0.73072130924947 0.5557577007152436 0.38393603814615157 0.4693737313586482
10 0.4336980791349724 0.6797981469514969 0.437577461036479 0.3650089391059746
6 0.5426841521907507 0.12111401424154773 0.516930175729701 0.12252652331673404
6 0.42509327759614013 0.18682939695149678 0.49898474512873603 0.16851118900777867
6 0.2686695482924214 0.4444868399662962 0.1893616980475401 0.6447863009350765
4 0.15536279910320028 0.5766266533944044 0.2977433936660387 0.40950330678880886
8 0.5587020332748878 0.635998670857406 0.38288027840691896 0.3193828217177277
14 0.6329405539744642 0.4137969388113869 0.4491831627407622 0.40335382161953176