9 0.4548534328349726 0.3609375 0.1345010685197643 0.5390625
6 0.1879856739014028 0.76953125 0.31946921076327683 0.4609375
7 0.3253351876962127 0.70703125 0.24945768317365696 0.5859375
4 0.27889512041964376 0.4171875 0.2675093995911434 0.76640625
4 0.7380775271353346 0.7265625 0.15600425429541306 0.546875
7 0.5735525231786057 0.4046875 0.11828400553860856 0.79609375
5 0.6370229601974499 0.66171875 0.20195191937884704 0.6484375
5 0.8224857473980082 0.578125 0.22384685153645129 0.559375
7 0.875294619233234 0.49765625 0.249410761533532 0.74921875
7 0.9596087224382656 0.78046875 0.08078255512346892 0.41015625
7 0.9115394448207603 0.62890625 0.17692111035847943 0.2578125