6 0.16843935840504778 0.7681708808847375 0.30410510761362497 0.46365823823052493
7 0.3033622761934519 0.7077909549506942 0.2295945040901281 0.5844180900986116
7 0.5615933471887837 0.4080377857105197 0.10193382000438796 0.7927835637169922
7 0.87686402837153 0.5144510215037649 0.24627194325694007 0.7464694456152035
7 0.9132628384465485 0.6353499025911973 0.17347432310690286 0.2782728246740408
7 0.952322661272462 0.7727368542954804 0.09535467745507589 0.44334267126547433
9 0.44981476121626407 0.37719511444504555 0.12457438347787235 0.5511142609570486
4 0.27084632673481257 0.4256075206962812 0.25235135715140655 0.7829154602256999
4 0.6694479289381612 0.7813630864426921 0.07240046654739807 0.4372738271146158
5 0.7982679477427796 0.6253418827056949 0.23981059006264777 0.6202790925309483
5 0.6192313171013941 0.6714105389569306 0.183021032461658 0.6544262215897858