9 0.42753658643729137 0.3431744080617648 0.11879681895729206 0.5433918557412186
6 0.14138284052135394 0.7635147188596301 0.2827656810427079 0.47297056228073997
7 0.27182491499079803 0.6952846892021347 0.2323878466927088 0.5948508794672149
4 0.24732110315479133 0.4067142791260226 0.2451820534740631 0.7756697979462839
4 0.683089070101041 0.6980396857049126 0.14007240691319503 0.552063860189843
7 0.5429245438842358 0.3908939666260226 0.09509178770649385 0.7817879332520452
5 0.5869420751350342 0.637175122967062 0.18306130033993107 0.6552817020908972
5 0.778731491263194 0.5458458329294436 0.20755084764263926 0.5673015410262018
7 0.8595106722089927 0.46216189962162674 0.2713445099710768 0.7595646368815887
7 0.9263656382053119 0.7419820508004904 0.12048399268489618 0.4146766067298017
7 0.8837995445498258 0.5922977271882249 0.20912565254479176 0.26608920950527093