9 0.5116911787667021 0.6338748646756482 0.38375528154634875 0.21209141209045973
4 0.03300118950726468 0.38803851087441493 0.06600237901452936 0.3411635108744148
7 0.0630591125340714 0.5195895998097195 0.1261182250681428 0.7818004397336074
7 0.07669205902442693 0.5832674392393158 0.10800160277964661 0.8112677638401644
7 0.15272229251608355 0.596543372052841 0.13251360187513544 0.7880995192773719
7 0.3112584888071819 0.5294089046760857 0.12375607756487597 0.7846243507983027
3 0.2531560617379604 0.5176463923187961 0.11190012946475533 0.6625265163116223
3 0.32737373247560375 0.6919367850947027 0.09393802351728997 0.6161264298105946
5 0.8600401475590378 0.6198839378308032 0.11683329093014479 0.6674050173002055
5 0.9424454545472998 0.8050564978221642 0.055290524083116924 0.3898870043556716
6 0.7426722631174414 0.5438559956257378 0.25781017299689174 0.7542258794672149