6 0.1332131830554572 0.7662687953135009 0.2664263661109144 0.4666629780394526
7 0.24991837758815247 0.7029591786282745 0.23986325227180236 0.5899726613621805
7 0.5314424751880064 0.39409993713201297 0.11576658849911681 0.7881998742640259
7 0.8494047630296786 0.48906447521486907 0.27988043837528237 0.7450419693666349
7 0.8773948682825277 0.608986076543642 0.20030833085063088 0.27718176002545325
7 0.909308340160765 0.7452593838717786 0.13149632650740486 0.4426971246817265
9 0.42185130541946475 0.36442229527373005 0.1341740243977089 0.5504823526814084
4 0.23898099338497145 0.41808473929822887 0.2659656416422699 0.7815789060311804
4 0.6107424075719419 0.7682541779121859 0.08022492493582814 0.44834714067472686
5 0.7519774913180568 0.6026371738940504 0.2505845825032608 0.6189879993634533
5 0.5692163411942224 0.6539558679185492 0.19440951116314248 0.6534715400222717