9 0.4364975988450907 0.3623166301758663 0.11398277029167189 0.5240829154946528
4 0.2586680355151783 0.41413418111094275 0.22868666148763211 0.7692732165279252
6 0.15137018256487098 0.7718017562465159 0.29639074931262893 0.4556152375069681
7 0.28694861338122607 0.7092921450065892 0.21898843285945854 0.5793794695529872
7 0.551550427103922 0.39758598878351437 0.08113495061704779 0.7863829275949012
5 0.6046264718906783 0.6574422569338869 0.17093272794080255 0.6447226684215192
4 0.7441293334251926 0.5980349197962612 0.19865372784260665 0.7097254997054122
5 0.7709827249157404 0.6478803836919077 0.25482645979042984 0.6967715026322786
7 0.8817969841873184 0.49176167301771506 0.23473667358788042 0.7349345779642436
7 0.9430470598138709 0.7663980586545304 0.11390588037225804 0.4163067769309713
7 0.9030010493243494 0.6166344079906004 0.19399790135130104 0.2558237948849523