9 0.44286683254066006 0.3825431749420408 0.12312064304548649 0.5279578567298018
4 0.26592377925402816 0.4260663873758802 0.24209342106524367 0.7771049639538953
6 0.1648587738387854 0.7728515625 0.3043147852379518 0.454296875
7 0.2993597539871534 0.7145028517868859 0.2290810087368061 0.5709942964262282
7 0.5585470371378128 0.4231601991623286 0.09485539836382006 0.7890571828135251
5 0.6161647410693756 0.6800681378701718 0.18217094756638944 0.6398637242596564
4 0.7546447064001047 0.6325219061961416 0.21102395260038237 0.7165202910262017
5 0.7823709693178825 0.6654193593434232 0.26696482807534777 0.6691612813131537
7 0.8833497384828906 0.5326876853593452 0.2333005230342188 0.7429846319386726
7 0.9479706002080907 0.8000171764249157 0.10405879958381874 0.39996564715016875
7 0.9073176713043232 0.6585790233060667 0.18536465739135366 0.2626458745242989