9 0.5295120880528119 0.5990628282691662 0.37801981648875016 0.20556685429215307
4 0.04257970497840245 0.38473736949104165 0.05945426728618084 0.34026263050895833
7 0.06610551111482596 0.5145878704409721 0.12746787661232703 0.779889481382639
7 0.09355705746760368 0.576415070004132 0.08444522843593819 0.8101211888295834
7 0.16988316812493004 0.5847893080362845 0.10966278077263954 0.7865025040840626
7 0.32627994491041623 0.5077514165094094 0.10099629559027842 0.7831774823325695
3 0.2679044004574996 0.49974020117868034 0.092690873478195 0.6611751957634375
3 0.3473340612673258 0.6767007850505206 0.07559363924576443 0.6311058360560416
5 0.8770417046940621 0.5628642230270826 0.09748747625173664 0.6659717985369792
5 0.9653190354317701 0.7622628513518395 0.04279540377906273 0.4296699694147918
6 0.7576026800927773 0.4945889613435758 0.23609734099312565 0.7504039627652779