5 0.22084485074754098 0.5544672512431955 0.19214979420950487 0.5445356512886239
4 0.7971517232033497 0.5447170307533792 0.0811447744218011 0.6563628646538927
4 0.5413398937138505 0.2837574400710619 0.5000220906823174 0.2942169052453528
4 0.6229196850982802 0.4760478386461524 0.39278720205684936 0.4631163121881864
6 0.5153207055633524 0.13746561623577225 0.4910178256443121 0.10753909882291772
6 0.2752224915207153 0.4586091966297826 0.2583347161903437 0.6181236374938139
8 0.4151570154922906 0.6884272506773685 0.3359340937345351 0.5824561324054315
3 0.5794031377209566 0.23013115106148133 0.46472864258219654 0.17082699287545244
7 0.1334754047951269 0.3979096347802805 0.08628265377501476 0.6652022761192817
7 0.6030022535065029 0.5870296042499847 0.3489353827441157 0.5480778103791639
7 0.46218690298610454 0.46370721166778794 0.3646798914505428 0.5660432383528967
7 0.3960805461341282 0.5142970318850331 0.37063996438132146 0.5757048433958507