7 0.13849377544191327 0.4021469943004168 0.07867487166283915 0.6674245425530556
6 0.5142528505203984 0.12773540786312543 0.4844812206013579 0.08774553428802126
3 0.5964268634106971 0.21647255917364633 0.41764892469437226 0.1525152426848962
4 0.7910654975136091 0.5174577501874313 0.09997666157693086 0.6569961888295834
5 0.23614230212702197 0.5538205567051044 0.20309061623577226 0.5251851040078126
6 0.2671643300553261 0.45442062195958355 0.2652431354576491 0.6093432048814933
8 0.41153737053524475 0.6697579472820491 0.34917440015697015 0.5730621723964239
7 0.40286281264247153 0.49199596998347256 0.3764805286056726 0.5580917890376739
4 0.6049509350982802 0.45680727165458385 0.40869216304726874 0.48783449363482667
7 0.4711148456591583 0.47324727640423647 0.3028383107178483 0.5524762622521877
7 0.5921056970840678 0.5675811174942714 0.3559256891665507 0.538105944147917