7 0.16790385334222255 0.4 0.0733232776385075 0.66640625
7 0.647303678664688 0.55546875 0.33440363516170174 0.53828125
7 0.49461247691732674 0.43984375 0.34784853932201437 0.5453125
7 0.4340574898351046 0.48984375 0.3513190314382296 0.56015625
4 0.8350933129733684 0.50078125 0.06849030727378533 0.66015625
4 0.5621779173624308 0.2546875 0.49370067429628506 0.26640625
4 0.6546414403481948 0.434375 0.3831664838511809 0.4515625
6 0.5205690327694098 0.11171875 0.4933155485369792 0.08203125
6 0.31014655793937534 0.4359375 0.23620383092513944 0.615625
8 0.4670005424561464 0.66328125 0.310984972167674 0.57265625
5 0.27175881800736157 0.565625 0.13262358282500042 0.5625
3 0.6125402868534724 0.203125 0.4118850170018405 0.14140625