5 0.24921875 0.54140625 0.1640625 0.5359375
4 0.8234375 0.5015625 0.046875 0.65390625
4 0.5546875 0.2546875 0.4859375 0.26875
4 0.64609375 0.4421875 0.36953125 0.44375
6 0.52109375 0.11015625 0.48671875 0.08203125
6 0.2984375 0.44296875 0.2265625 0.60625
8 0.45 0.66484375 0.30625 0.56640625
3 0.58984375 0.19921875 0.45703125 0.146875
7 0.15390625 0.38984375 0.0515625 0.6625
7 0.63203125 0.55390625 0.32109375 0.53125
7 0.48515625 0.43828125 0.3359375 0.5484375
7 0.421875 0.4921875 0.34140625 0.5578125