7 0.4894257751670986 0.7186731488809801 0.4293422211827487 0.35800316852568737
7 0.4865185580382446 0.392491638541898 0.3649463047852432 0.5595249731165826
7 0.3419543060096497 0.47723901199171204 0.5004614703719696 0.22861107505966274
7 0.2867503831193225 0.36989523883234826 0.4947591209411626 0.08080927584545092
6 0.71146619075053 0.5851479811793532 0.38393603814615174 0.48468979300895876
6 0.4100519208650276 0.6969928939185814 0.437577461036479 0.38258579156121686
4 0.5385658478092493 0.14314876405862667 0.516930175729701 0.14351048304138003
4 0.41865672240385987 0.20402414391858148 0.49898474512873603 0.18873093775610972
4 0.25320545170757863 0.4551221093866782 0.18936169804754002 0.6520463052100677
3 0.14206694886490953 0.5825492884608447 0.28413389772981906 0.4213485769216895
5 0.5366104667251124 0.6583199997906031 0.38288027840691896 0.33476256761606465
8 0.6186219460255358 0.43930248014589585 0.4491831627407622 0.4213764638109577