7 0.509653193427723 0.7128274484482048 0.4273737587125888 0.35306801333166205
7 0.4972686353834977 0.386746098085385 0.36178676340704213 0.5553819922802697
7 0.3553634933959062 0.4731597693221117 0.49926584536122603 0.22282000734121218
7 0.2971140940483614 0.36648069418703544 0.4944227093411814 0.07505462993655047
6 0.727511760741542 0.5767436486256899 0.381217468730088 0.48031007041057094
6 0.4297566080919504 0.692075949629331 0.4354680693825433 0.37755958184331606
4 0.541997690682681 0.13684779100647612 0.5162346220162265 0.137509989918017
4 0.42402039735836256 0.19910719962933107 0.49802097135581713 0.1829489754900467
4 0.2660919080601336 0.45208088828925297 0.1856157094207232 0.6499702620657175
3 0.1520123214114964 0.5808556743167695 0.2953703280553611 0.4179613486335391
5 0.5550196900859051 0.651937077666965 0.3810345607097254 0.33036463411290173
8 0.6305538500556793 0.4320090127835078 0.44685101205440636 0.4162227777596321