7 0.16324817138763387 0.39261337737875546 0.0655668387571322 0.6690989104629167
7 0.6408384640754056 0.5259222595150219 0.3281384694064059 0.5532728190638065
7 0.4894930453930427 0.41728362179718415 0.3415015354073603 0.5609226532242065
7 0.42835609806649694 0.47015821877786557 0.34479925807604206 0.5759119524384181
4 0.829264617401315 0.4624290320552132 0.06080661342295031 0.6626305866415991
4 0.5592135573679075 0.22877973987031477 0.4905999173694983 0.28911192741702746
4 0.6495856607256336 0.4043554745688338 0.37791065539463364 0.46891924379474703
6 0.5192687153484993 0.08759396774440828 0.49236077001113576 0.10491886393479215
6 0.30507259205917914 0.4219647754356754 0.2290384454169052 0.6259589942090317
8 0.4592804760900413 0.6422493885464073 0.3043197087444055 0.5865198126536658
5 0.265175392743451 0.5535808025239806 0.12607653007636016 0.5680672574435981
3 0.6101760733609078 0.17481567783582147 0.4102391606858628 0.16043680975818173