8 0.08585458931413724 0.5887216017868859 0.17170917862827448 0.6118182035737718
6 0.6943825152769116 0.4441159807969902 0.32034415073995104 0.5526408162350729
6 0.3895057533020469 0.24644916604479228 0.4779908293682256 0.27638601684309505
4 0.3090171799411391 0.44639081623507265 0.4371760200509067 0.3926357579458465
4 0.32181662460218485 0.48833823570272494 0.42949988005249756 0.4040361729648744
4 0.51200472525464 0.600824942736538 0.22611344008590512 0.6417258794672147
7 0.3464320798854598 0.8473153517868859 0.36613626670908894 0.30536929642622823
7 0.365947885264185 0.5245277450942651 0.41609190806013363 0.459713169999125
7 0.43061781791059506 0.6764523424325268 0.38579588072881527 0.47331541357333434
3 0.5323819546069573 0.46174519669087066 0.3067987240610881 0.46228773026551745
5 0.3860416619191855 0.6113247495428895 0.3019112293920882 0.4449092292769345