8 0.4246950276059668 0.6777747619001792 0.3275757851318836 0.5741338142579064
7 0.1433945839552077 0.3986815336118279 0.09121647387690794 0.6690165968439701
7 0.6087118833471854 0.5788464664625341 0.3425813612156071 0.5404273177179475
7 0.4680789075674731 0.45808168581645575 0.3645346156642315 0.5623805721665717
7 0.4034142296968639 0.5086600059686801 0.3617597841433007 0.5708469881741829
5 0.2353871298871443 0.5800681378701718 0.139630116158523 0.5555562747145792
6 0.28064257456366754 0.4488791462731288 0.24767737950439583 0.6231350469577007
6 0.5164460592778094 0.13529544323082957 0.4940948512925944 0.10514768680503894
4 0.8067156432330173 0.5399616744849303 0.08002430589213035 0.6623209278706094
4 0.5481523626241198 0.279010951139495 0.5016075568435326 0.289522686805039
4 0.6311054895826956 0.4709848869187697 0.3737584239534577 0.4442035751323212
3 0.6065670404947291 0.22817796300249307 0.43076186315559256 0.1587236729648745