5 0.24606894057891243 0.5472068807932988 0.16718049316430889 0.5397560970739583
4 0.8205194947354426 0.5207282205521535 0.05067931527482017 0.6549972777354167
4 0.5532057714700223 0.2675979948690977 0.4875010417616942 0.28006032085715316
4 0.6435211783804682 0.4572254989531602 0.3721129119786113 0.4523509353142018
6 0.520452879684887 0.12228484165871571 0.4871959938516799 0.09335975465274346
6 0.2958603832009284 0.44991495991548636 0.2300895593228917 0.6115233007211808
8 0.44613205221162267 0.6753176162600004 0.30954525516636144 0.5735342978713891
3 0.5886847292173487 0.21294751567066023 0.4578857437534841 0.15751252042031288
7 0.15163820540963538 0.39342595773128486 0.0554168122497579 0.6637001305089585
7 0.6288087177062754 0.5686169406325352 0.32418447208706985 0.5387235399876046
7 0.4826064042781672 0.4495733870615629 0.3391282160369459 0.5562565321038198
7 0.41901153688992043 0.5020067496187504 0.34465150819142354 0.5657588186729516