8 0.4515625 0.659375 0.3046875 0.56171875
7 0.159375 0.3921875 0.0640625 0.66640625
7 0.63125 0.553125 0.32109375 0.52734375
7 0.4859375 0.43828125 0.3421875 0.5484375
7 0.4234375 0.49140625 0.3390625 0.55703125
5 0.25859375 0.56953125 0.1171875 0.55078125
6 0.2984375 0.43671875 0.22265625 0.6140625
6 0.52109375 0.1140625 0.490625 0.08515625
4 0.82734375 0.50625 0.053125 0.66015625
4 0.55859375 0.25625 0.490625 0.26953125
4 0.64921875 0.44453125 0.35625 0.4296875
3 0.61484375 0.203125 0.425 0.14140625