8 0.41700612053524466 0.6462358731860451 0.33412593226914566 0.5705842507914227
7 0.13882132406243228 0.38755016112448654 0.09898737166283915 0.66827027837153
7 0.6022619470840679 0.5347575009244369 0.3487306648562914 0.536686623910961
7 0.46296815298610455 0.4241419128403462 0.37092989145054284 0.5583941393503672
7 0.397683989711693 0.4790854771052534 0.3682552708037566 0.5668969611371217
5 0.22874588195520543 0.5620069403539463 0.14605272218323756 0.5541910579967011
6 0.27555004014123435 0.4280351056350679 0.2548379019659925 0.620541135193732
6 0.5151159876755281 0.09890022044133584 0.49508784995457145 0.0994319794795219
4 0.8008123117379604 0.48217675554329037 0.08772232304232012 0.6617020296251711
4 0.5451642565587207 0.23999658188239148 0.5047505342598821 0.2838069794795219
4 0.6259218543655857 0.425640913698276 0.3787689676606817 0.44005331630997124
3 0.6041984198331323 0.18523487404397496 0.4324107875392425 0.1537724870013693