8 0.07926402381869765 0.5861744046785449 0.1585280476373953 0.6067238093570898
6 0.6750113503952881 0.42376114676158655 0.3455048179076238 0.5434981980426343
6 0.37876422390340225 0.23503226471990663 0.48997036554501916 0.2625583753978152
4 0.2888085398860619 0.43724819804263443 0.4546537628012438 0.3800362293920882
4 0.2996781504517579 0.4788089893777707 0.4475238022637826 0.39166407272436105
4 0.484987047919744 0.5857237027370876 0.25560713097709886 0.6353578866963623
7 0.3071071586972015 0.844768154678545 0.3807010523343698 0.31046369064291
7 0.3422072846949772 0.5137021573838159 0.4367374916839692 0.44775044072245185
7 0.3999225322053156 0.6636936140594972 0.4071332916698518 0.46223965471831574
3 0.5118820188393745 0.446098128739633 0.3277720153614926 0.45350899737427086
5 0.35829574530302555 0.5998851053866794 0.3220834574831022 0.4362669533736344