7 0.17793252481199362 0.39008501017676533 0.07478836993064819 0.668699090343633
6 0.5256978209258334 0.08835657734179263 0.48403470574818697 0.1017428002023987
3 0.6164555616202085 0.1705305902320914 0.4168151265501859 0.16446412822155984
4 0.8404025996667684 0.45561051786713974 0.09615394768090724 0.6589080105154496
5 0.290351249790603 0.5337763772055071 0.20005158146980345 0.5303060549520972
6 0.3114749249358281 0.43242523914586617 0.2617211356464139 0.616148379691898
8 0.4768046341986718 0.6359962172104558 0.3458756577723204 0.5823709232240342
7 0.450575966292157 0.459594169494448 0.37327291170126176 0.5682198920163698
4 0.6487202138109577 0.40926886363783976 0.4058991670779452 0.49900954658435415
7 0.5168173963997809 0.4357605218238687 0.29965347518349716 0.5604649457252716
7 0.6468559609154736 0.5205748558359236 0.3528319791124387 0.547665052577248