3 0.36775435762010356 0.7543791773512588 0.33247484640836833 0.39392687256272046
4 0.28559712747173555 0.6912012930174156 0.461542790937535 0.3024678498345489
4 0.3390741516917705 0.34121097564697545 0.17850108690906302 0.6567563348203105
4 0.43144414285805527 0.3014002276755704 0.05820546428388944 0.5882772958600847
7 0.14201864668040795 0.2954642788139561 0.2840372933608159 0.4276473076279122
7 0.19664764950756902 0.4833148806803952 0.2636923980794797 0.5926450162320543
7 0.35509788877399273 0.3915109845754292 0.16018684479284778 0.6415989391223816
7 0.7058609549784024 0.39841514406978057 0.16490744633211846 0.4753426935866085
5 0.6370772002287498 0.2643480612780649 0.20397059954250044 0.5096046452908918
8 0.4802836459921874 0.1842360470746054 0.0613077080156252 0.35248980032431154
6 0.5384721268061454 0.47130539894104456 0.12710224106937568 0.6628875580349494
6 0.6415620656357288 0.4074531789728166 0.26472822121774353 0.6035961530015296