3 0.3546915923209837 0.7364493477175091 0.33925874855430627 0.39769232007089494
4 0.27361268867066213 0.6771629274218226 0.46668872878264284 0.3077613050272003
4 0.3332184293163031 0.32719592145039994 0.18992588790735282 0.6543918429007999
4 0.4263118547154544 0.28769759080585555 0.06847004056909115 0.5753951816117111
7 0.14130544972442152 0.2888087842440247 0.28261089944884304 0.4309761815119506
7 0.1882667321683218 0.47364077381918335 0.2739706240671884 0.595555507059629
7 0.3483685854380825 0.37456311315691526 0.17135230144350616 0.6432906619159093
7 0.6991180019399852 0.3651376712201234 0.17316551634880356 0.47713446450233404
5 0.6326546966165086 0.24516878134103082 0.21281560676698277 0.49033756268206163
8 0.47721246292813096 0.16912075837977722 0.06745007414373809 0.33824151675955444
6 0.5304051526245572 0.4457381165221276 0.13864988939022743 0.6641881836235216
6 0.6346416664647216 0.37715794959165333 0.27519754304054905 0.6065157391129403